932
409 114
694 762
344 922
145 53
18 12
228 635
120 315
178 114
395 623
270 34
451 538
78 212
66 56
173 351
100 248
481 436
131 563
444 571
681 524
383 141
834 417
335 398
7 23
16 38
116 176
182 118
54 36
470 493
377 582
594 696
192 374
829 515
664 456
822 51
46 340
104 58
361 826
227 456
480 158
594 879
384 655
12 75
227 54
924 133
65 763
241 536
614 306
328 851
313 132
655 863
22 214
321 276
354 618
54 384
78 125
758 587
170 39
533 176
125 781
574 299
213 57
51 81
857 767
573 874
702 174
778 806
624 227
600 369
18 31
114 260
91 128
150 193
302 115
183 152
588 784
333 217
319 432
28 11
574 886
149 355
111 191
509 160
266 167
14 8
771 183
358 60
146 930
275 767
130 49
534 236
412 176
546 105
42 35
518 308
285 361
608 770
19 802
400 251
333 520
540 577
461 274
766 589
154 887
371 16
740 390
318 450
65 59
746 532
99 334
28 142
423 266
415 354
344 446
262 20
714 785
361 665
169 135
352 201
372 613
514 396
704 295
835 814
428 639
273 489
138 45
168 220
452 164
743 277
13 60
133 279
561 523
197 97
78 10
859 786
27 11
507 265
10 181
189 188
65 238
125 686
404 457
525 459
17 529
894 662
706 915
207 347
323 505
477 812
113 140
749 727
153 394
598 194
148 73
93 404
920 603
92 526
274 117
163 856
48 171
149 349
215 140
9 112
3 1
626 487
19 268
542 241
103 82
21 615
866 899
165 229
88 79
440 885
427 264
123 139
181 314
83 858
865 888
315 892
346 148
61 85
51 74
327 108
748 725
10 2
804 354
60 344
11 113
586 21
484 141
79 62
268 862
300 301
397 289
604 577
68 338
150 166
575 547
141 8
22 105
234 265
610 657
338 407
413 479
166 391
867 841
759 527
261 4
196 466
21 200
2 1
322 73
393 179
337 150
927 395
174 224
322 776
95 433
132 11
649 8
128 233
74 82
443 203
11 53
210 599
121 112
284 870
223 591
164 24
463 18
436 549
334 833
52 666
155 7
477 840
311 550
271 129
120 99
202 710
115 46
673 530
418 273
33 4
234 588
227 553
738 514
100 692
392 215
335 638
668 161
88 289
307 276
145 453
1 110
238 310
830 24
559 498
215 545
798 223
462 592
4 1
221 226
543 309
55 5
414 609
44 421
591 705
133 31
73 45
54 254
559 750
881 652
267 554
601 214
497 757
30 76
572 565
718 669
58 146
223 117
388 245
24 3
68 52
414 406
501 576
316 186
225 667
234 625
510 393
84 679
129 77
101 580
475 633
3 161
672 468
658 583
774 454
369 181
106 88
6 356
266 304
325 527
41 151
87 101
660 638
501 4
144 87
845 554
448 715
5 135
74 168
296 37
308 354
136 96
916 805
249 140
636 783
194 109
389 296
14 34
371 884
231 167
47 44
109 720
14 36
167 92
267 212
138 777
918 107
778 326
11 236
535 732
5 21
276 258
331 458
26 12
650 400
2 364
297 229
323 403
547 194
387 243
20 2
476 276
23 45
34 37
474 694
768 765
133 449
209 113
87 163
74 77
252 132
641 268
363 693
553 723
9 431
250 112
292 237
237 852
237 824
286 241
1 16
742 200
328 795
60 565
99 689
214 868
259 84
844 839
145 165
396 333
739 110
621 552
653 247
29 832
290 67
661 526
139 309
15 17
612 273
150 751
288 411
471 312
241 60
502 814
288 5
231 605
632 508
404 688
265 847
65 91
78 119
469 646
896 439
159 132
854 145
386 345
63 17
507 541
169 218
174 11
485 797
255 850
683 420
838 126
111 578
198 83
911 753
370 230
72 63
69 45
101 234
219 66
50 799
353 515
6 67
479 908
284 33
187 20
32 26
329 166
5 3
32 341
353 21
96 246
395 182
853 724
861 875
177 8
210 540
695 256
545 775
38 752
126 33
903 894
303 79
447 792
91 678
61 30
496 140
15 154
366 567
764 238
1 15
451 38
172 255
662 85
552 328
221 190
677 365
448 508
402 152
436 730
794 413
143 160
30 4
745 367
811 446
722 699
606 417
619 912
357 381
243 380
580 711
411 897
549 828
206 121
273 573
644 91
846 117
511 22
454 492
291 390
69 95
409 435
529 760
335 133
773 5
365 361
420 227
648 203
788 860
208 285
180 75
98 579
188 203
729 321
85 94
485 72
438 275
247 161
101 684
491 682
483 370
270 506
230 237
570 512
132 375
118 318
659 550
206 465
459 39
40 350
4 39
465 560
5 7
179 118
882 99
845 923
603 389
227 780
405 837
805 141
422 30
97 173
367 544
228 217
631 932
733 550
345 251
393 468
455 98
662 801
601 690
693 786
14 19
50 3
839 522
651 585
379 325
37 59
698 388
294 43
272 357
99 245
311 373
464 424
914 708
925 612
584 577
597 255
168 202
458 608
44 184
130 287
580 841
642 442
905 492
76 92
189 263
367 242
72 102
734 444
164 531
52 12
124 78
704 865
622 38
647 5
201 68
424 362
753 898
585 417
517 589
596 86
813 568
251 500
10 11
437 403
362 239
408 159
81 256
531 652
640 559
3 6
35 17
713 800
296 713
183 754
19 89
889 4
503 14
789 44
197 258
166 217
532 184
413 291
131 5
706 257
761 32
831 855
769 388
921 612
557 125
808 831
109 2
182 242
473 2
636 606
1 49
873 523
842 627
108 30
731 78
222 107
71 190
108 207
58 39
878 105
539 602
498 504
107 308
463 893
309 477
880 260
411 568
478 719
132 368
271 691
535 33
470 3
901 731
56 36
37 378
269 171
404 410
263 611
511 680
118 152
568 900
76 196
786 904
147 136
282 164
778 913
439 291
86 40
123 108
23 919
339 252
320 145
343 106
84 62
816 387
186 146
523 323
630 356
277 213
149 11
27 195
815 246
595 135
332 127
787 118
522 36
576 703
210 95
619 286
737 125
226 675
342 33
283 159
629 599
528 243
64 36
499 269
311 108
185 366
376 307
634 114
151 487
724 394
180 808
80 685
479 587
22 19
95 244
384 447
501 817
779 521
674 492
80 83
788 99
410 928
687 573
475 379
736 395
282 890
16 25
115 319
278 98
163 445
694 883
40 41
298 290
747 194
169 312
594 103
14 172
299 135
616 543
563 716
131 243
907 865
350 620
63 871
408 631
361 416
590 288
112 251
38 107
10 328
48 97
562 178
10 225
245 257
94 827
93 47
62 21
299 482
42 382
444 260
96 5
436 176
490 55
388 607
34 566
326 448
714 242
524 427
141 157
491 129
488 338
597 699
267 317
389 530
6 9
895 759
486 709
569 491
65 232
9 80
140 272
377 160
114 4
866 154
205 83
663 45
273 513
809 172
527 849
264 158
216 152
65 512
367 818
34 372
544 741
142 617
143 52
226 495
100 275
61 253
154 755
4 12
122 71
454 128
230 15
498 461
261 819
43 26
12 305
399 254
583 246
83 331
218 753
367 405
472 238
460 368
92 117
103 728
13 98
306 348
379 700
9 29
293 152
556 37
429 294
422 467
188 160
13 3
123 280
765 454
35 150
497 193
158 139
548 543
670 253
17 192
521 434
810 645
701 34
23 116
336 502
456 821
555 82
330 12
926 194
520 551
291 162
193 564
697 552
191 324
44 51
300 114
325 146
40 13
861 524
31 825
48 30
469 142
778 820
232 360
48 90
803 636
426 194
100 89
864 550
554 671
134 32
34 57
60 707
99 3
70 823
643 425
440 119
848 833
537 142
268 917
604 676
